0.000000000000000000e+00 -1.000000000000000000e+00
5.005005005005004962e-03 -9.984985549169506092e-01
1.001001001001000992e-02 -9.969974483293503331e-01
1.501501501501501488e-02 -9.954970186563361079e-01
2.002002002002001985e-02 -9.939976041644362770e-01
2.502502502502502307e-02 -9.924995428913105933e-01
3.003003003003002977e-02 -9.910031725695405136e-01
3.503503503503503647e-02 -9.895088305504883275e-01
4.004004004004003969e-02 -9.880168537282426611e-01
4.504504504504504292e-02 -9.865275784636672318e-01
5.005005005005004615e-02 -9.850413405085688412e-01
5.505505505505505631e-02 -9.835584749300040341e-01
6.006006006006005954e-02 -9.820793160347387474e-01
6.506506506506506970e-02 -9.806041972938805973e-01
7.007007007007007293e-02 -9.791334512676985735e-01
7.507507507507507616e-02 -9.776674095306489010e-01
8.008008008008007939e-02 -9.762064025966225023e-01
8.508508508508508261e-02 -9.747507598444318244e-01
9.009009009009008584e-02 -9.733008094435535718e-01
9.509509509509508907e-02 -9.718568782801442207e-01
1.001001001001000923e-01 -9.704192918833446369e-01
1.051051051051051094e-01 -9.689883743518904469e-01
1.101101101101101126e-01 -9.675644482810454861e-01
1.151151151151151159e-01 -9.661478346898736413e-01
1.201201201201201191e-01 -9.647388529488661879e-01
1.251251251251251362e-01 -9.633378207079411615e-01
1.301301301301301394e-01 -9.619450538248298654e-01
1.351351351351351426e-01 -9.605608662938682762e-01
1.401401401401401459e-01 -9.591855701752080021e-01
1.451451451451451491e-01 -9.578194755244631153e-01
1.501501501501501523e-01 -9.564628903228097334e-01
1.551551551551551555e-01 -9.551161204075525601e-01
1.601601601601601588e-01 -9.537794694031748177e-01
1.651651651651651620e-01 -9.524532386528873351e-01
1.701701701701701652e-01 -9.511377271506917808e-01
1.751751751751751685e-01 -9.498332314739732496e-01
1.801801801801801717e-01 -9.485400457166386357e-01
1.851851851851851749e-01 -9.472584614228134470e-01
1.901901901901901781e-01 -9.459887675211146041e-01
1.951951951951951814e-01 -9.447312502595124339e-01
2.002002002002001846e-01 -9.434861931407972913e-01
2.052052052052052156e-01 -9.422538768586643521e-01
2.102102102102102188e-01 -9.410345792344327887e-01
2.152152152152152220e-01 -9.398285751544116495e-01
2.202202202202202252e-01 -9.386361365079275432e-01
2.252252252252252285e-01 -9.374575321260287808e-01
2.302302302302302317e-01 -9.362930277208776353e-01
2.352352352352352349e-01 -9.351428858258468146e-01
2.402402402402402382e-01 -9.340073657363325843e-01
2.452452452452452414e-01 -9.328867234512967510e-01
2.502502502502502724e-01 -9.317812116155533841e-01
2.552552552552552756e-01 -9.306910794628105998e-01
2.602602602602602788e-01 -9.296165727594816186e-01
2.652652652652652820e-01 -9.285579337492776419e-01
2.702702702702702853e-01 -9.275154010985950936e-01
2.752752752752752885e-01 -9.264892098427089939e-01
2.802802802802802917e-01 -9.254795913327850121e-01
2.852852852852852950e-01 -9.244867731837220770e-01
2.902902902902902982e-01 -9.235109792228379799e-01
2.952952952952953014e-01 -9.225524294394074065e-01
3.003003003003003046e-01 -9.216113399350669422e-01
3.053053053053053079e-01 -9.206879228750953770e-01
3.103103103103103111e-01 -9.197823864405816341e-01
3.153153153153153143e-01 -9.188949347814915347e-01
3.203203203203203175e-01 -9.180257679706425034e-01
3.253253253253253208e-01 -9.171750819585979819e-01
3.303303303303303240e-01 -9.163430685294911004e-01
3.353353353353353272e-01 -9.155299152577878186e-01
3.403403403403403304e-01 -9.147358054659986415e-01
3.453453453453453337e-01 -9.139609181833492357e-01
3.503503503503503369e-01 -9.132054281054191591e-01
3.553553553553553401e-01 -9.124695055547571432e-01
3.603603603603603434e-01 -9.117533164424824754e-01
3.653653653653653466e-01 -9.110570222308810306e-01
3.703703703703703498e-01 -9.103807798970043885e-01
3.753753753753753530e-01 -9.097247418972792543e-01
3.803803803803803563e-01 -9.090890561331375075e-01
3.853853853853853595e-01 -9.084738659176716524e-01
3.903903903903903627e-01 -9.078793099433259961e-01
3.953953953953953659e-01 -9.073055222506284379e-01
4.004004004004003692e-01 -9.067526321979717530e-01
4.054054054054054279e-01 -9.062207644324501432e-01
4.104104104104104311e-01 -9.057100388617581599e-01
4.154154154154154344e-01 -9.052205706271575503e-01
4.204204204204204376e-01 -9.047524700775194662e-01
4.254254254254254408e-01 -9.043058427444464753e-01
4.304304304304304440e-01 -9.038807893184809261e-01
4.354354354354354473e-01 -9.034774056264047726e-01
4.404404404404404505e-01 -9.030957826096353003e-01
4.454454454454454537e-01 -9.027360063037231930e-01
4.504504504504504570e-01 -9.023981578189560482e-01
4.554554554554554602e-01 -9.020823133220718937e-01
4.604604604604604634e-01 -9.017885440190883672e-01
4.654654654654654666e-01 -9.015169161392490027e-01
4.704704704704704699e-01 -9.012674909200923956e-01
4.754754754754754731e-01 -9.010403245936464689e-01
4.804804804804804763e-01 -9.008354683737507251e-01
4.854854854854854795e-01 -9.006529684445107042e-01
4.904904904904904828e-01 -9.004928659498858678e-01
4.954954954954954860e-01 -9.003551969844135749e-01
5.005005005005005447e-01 -9.002399925850722573e-01
5.055055055055055480e-01 -9.001472787242834617e-01
5.105105105105105512e-01 -9.000770763040570888e-01
5.155155155155155544e-01 -9.000294011512788295e-01
5.205205205205205576e-01 -9.000042640141423522e-01
5.255255255255255609e-01 -9.000016705597255751e-01
5.305305305305305641e-01 -9.000216213727136871e-01
5.355355355355355673e-01 -9.000641119552668101e-01
5.405405405405405705e-01 -9.001291327280345200e-01
5.455455455455455738e-01 -9.002166690323147868e-01
5.505505505505505770e-01 -9.003267011333596637e-01
5.555555555555555802e-01 -9.004592042248235062e-01
5.605605605605605835e-01 -9.006141484343560544e-01
5.655655655655655867e-01 -9.007914988303369341e-01
5.705705705705705899e-01 -9.009912154297505804e-01
5.755755755755755931e-01 -9.012132532072005819e-01
5.805805805805805964e-01 -9.014575621050604504e-01
5.855855855855855996e-01 -9.017240870447589263e-01
5.905905905905906028e-01 -9.020127679391969355e-01
5.955955955955956060e-01 -9.023235397062945307e-01
6.006006006006006093e-01 -9.026563322836631542e-01
6.056056056056056125e-01 -9.030110706444007818e-01
6.106106106106106157e-01 -9.033876748140068358e-01
6.156156156156156189e-01 -9.037860598884118746e-01
6.206206206206206222e-01 -9.042061360531189473e-01
6.256256256256256254e-01 -9.046478086034521748e-01
6.306306306306306286e-01 -9.051109779659073373e-01
6.356356356356356319e-01 -9.055955397206003621e-01
6.406406406406406351e-01 -9.061013846248084924e-01
6.456456456456456383e-01 -9.066283986375989201e-01
6.506506506506506415e-01 -9.071764629455384421e-01
6.556556556556556448e-01 -9.077454539894797003e-01
6.606606606606606480e-01 -9.083352434924173435e-01
6.656656656656656512e-01 -9.089456984884074497e-01
6.706706706706706544e-01 -9.095766813525442140e-01
6.756756756756756577e-01 -9.102280498319871294e-01
6.806806806806806609e-01 -9.108996570780309998e-01
6.856856856856856641e-01 -9.115913516792132354e-01
6.906906906906906674e-01 -9.123029776954479919e-01
6.956956956956956706e-01 -9.130343746931832705e-01
7.007007007007006738e-01 -9.137853777815694301e-01
7.057057057057056770e-01 -9.145558176496335623e-01
7.107107107107106803e-01 -9.153455206044499581e-01
7.157157157157156835e-01 -9.161543086102986733e-01
7.207207207207206867e-01 -9.169819993288028659e-01
7.257257257257256899e-01 -9.178284061600362476e-01
7.307307307307306932e-01 -9.186933382845918761e-01
7.357357357357356964e-01 -9.195766007066010772e-01
7.407407407407406996e-01 -9.204779942976950569e-01
7.457457457457457028e-01 -9.213973158418974352e-01
7.507507507507507061e-01 -9.223343580814385989e-01
7.557557557557557093e-01 -9.232889097634812137e-01
7.607607607607607125e-01 -9.242607556877465713e-01
7.657657657657657158e-01 -9.252496767550305590e-01
7.707707707707707190e-01 -9.262554500165988136e-01
7.757757757757757222e-01 -9.272778487244498491e-01
7.807807807807807254e-01 -9.283166423824343871e-01
7.857857857857857287e-01 -9.293715967982201231e-01
7.907907907907907319e-01 -9.304424741360892703e-01
7.957957957957957351e-01 -9.315290329705582240e-01
8.008008008008007383e-01 -9.326310283408054680e-01
8.058058058058058526e-01 -9.337482118058976210e-01
8.108108108108108558e-01 -9.348803315007994108e-01
8.158158158158158590e-01 -9.360271321931555866e-01
8.208208208208208623e-01 -9.371883553408324463e-01
8.258258258258258655e-01 -9.383637391502048786e-01
8.308308308308308687e-01 -9.395530186351772617e-01
8.358358358358358720e-01 -9.407559256769231215e-01
8.408408408408408752e-01 -9.419721890843318901e-01
8.458458458458458784e-01 -9.432015346551481105e-01
8.508508508508508816e-01 -9.444436852377888769e-01
8.558558558558558849e-01 -9.456983607938269643e-01
8.608608608608608881e-01 -9.469652784611247709e-01
8.658658658658658913e-01 -9.482441526176039748e-01
8.708708708708708945e-01 -9.495346949456384689e-01
8.758758758758758978e-01 -9.508366144970543665e-01
8.808808808808809010e-01 -9.521496177587233101e-01
8.858858858858859042e-01 -9.534734087187339835e-01
8.908908908908909074e-01 -9.548076889331266193e-01
8.958958958958959107e-01 -9.561521575931767325e-01
9.009009009009009139e-01 -9.575065115932107629e-01
9.059059059059059171e-01 -9.588704455989405240e-01
9.109109109109109204e-01 -9.602436521162998062e-01
9.159159159159159236e-01 -9.616258215607673687e-01
9.209209209209209268e-01 -9.630166423271622200e-01
9.259259259259259300e-01 -9.644158008598934240e-01
9.309309309309309333e-01 -9.658229817236505532e-01
9.359359359359359365e-01 -9.672378676745169157e-01
9.409409409409409397e-01 -9.686601397314915651e-01
9.459459459459459429e-01 -9.700894772484022210e-01
9.509509509509509462e-01 -9.715255579861936663e-01
9.559559559559559494e-01 -9.729680581855757460e-01
9.609609609609609526e-01 -9.744166526400133144e-01
9.659659659659659559e-01 -9.758710147690432546e-01
9.709709709709709591e-01 -9.773308166919008055e-01
9.759759759759759623e-01 -9.787957293014387661e-01
9.809809809809809655e-01 -9.802654223383242549e-01
9.859859859859859688e-01 -9.817395644654937081e-01
9.909909909909909720e-01 -9.832178233428521263e-01
9.959959959959959752e-01 -9.846998657021976964e-01
1.001001001001001089e+00 -9.861853574223564678e-01
1.006006006006006093e+00 -9.876739636045077653e-01
1.011011011011011096e+00 -9.891653486476871260e-01
1.016016016016016099e+00 -9.906591763244453341e-01
1.021021021021021102e+00 -9.921551098566503413e-01
1.026026026026026106e+00 -9.936528119914124213e-01
1.031031031031031109e+00 -9.951519450771166841e-01
1.036036036036036112e+00 -9.966521711395456284e-01
1.041041041041041115e+00 -9.981531519580737477e-01
1.046046046046046119e+00 -9.996545491419186469e-01
1.051051051051051122e+00 -1.001156024206429684e+00
1.056056056056056125e+00 -1.002657238649398597e+00
1.061061061061061128e+00 -1.004157854027373231e+00
1.066066066066066131e+00 -1.005657532031958068e+00
1.071071071071071135e+00 -1.007155934566085653e+00
1.076076076076076138e+00 -1.008652723820238517e+00
1.081081081081081141e+00 -1.010147562348607364e+00
1.086086086086086144e+00 -1.011640113145167552e+00
1.091091091091091148e+00 -1.013130039719654762e+00
1.096096096096096151e+00 -1.014617006173426761e+00
1.101101101101101154e+00 -1.016100677275189490e+00
1.106106106106106157e+00 -1.017580718536574613e+00
1.111111111111111160e+00 -1.019056796287548528e+00
1.116116116116116164e+00 -1.020528577751636412e+00
1.121121121121121167e+00 -1.021995731120946660e+00
1.126126126126126170e+00 -1.023457925630974374e+00
1.131131131131131173e+00 -1.024914831635172829e+00
1.136136136136136177e+00 -1.026366120679269134e+00
1.141141141141141180e+00 -1.027811465575314775e+00
1.146146146146146183e+00 -1.029250540475447728e+00
1.151151151151151186e+00 -1.030683020945354800e+00
1.156156156156156189e+00 -1.032108584037413124e+00
1.161161161161161193e+00 -1.033526908363498364e+00
1.166166166166166196e+00 -1.034937674167439647e+00
1.171171171171171199e+00 -1.036340563397109005e+00
1.176176176176176202e+00 -1.037735259776123131e+00
1.181181181181181206e+00 -1.039121448875148124e+00
1.186186186186186209e+00 -1.040498818182786334e+00
1.191191191191191212e+00 -1.041867057176030231e+00
1.196196196196196215e+00 -1.043225857390269296e+00
1.201201201201201219e+00 -1.044574912488832386e+00
1.206206206206206222e+00 -1.045913918332049608e+00
1.211211211211211225e+00 -1.047242573045820357e+00
1.216216216216216228e+00 -1.048560577089668877e+00
1.221221221221221231e+00 -1.049867633324275351e+00
1.226226226226226235e+00 -1.051163447078464319e+00
1.231231231231231238e+00 -1.052447726215637536e+00
1.236236236236236241e+00 -1.053720181199635730e+00
1.241241241241241244e+00 -1.054980525160011950e+00
1.246246246246246248e+00 -1.056228473956706715e+00
1.251251251251251251e+00 -1.057463746244106551e+00
1.256256256256256254e+00 -1.058686063534471256e+00
1.261261261261261257e+00 -1.059895150260719010e+00
1.266266266266266260e+00 -1.061090733838551348e+00
1.271271271271271264e+00 -1.062272544727906443e+00
1.276276276276276267e+00 -1.063440316493726279e+00
1.281281281281281270e+00 -1.064593785866023268e+00
1.286286286286286273e+00 -1.065732692799233661e+00
1.291291291291291277e+00 -1.066856780530843318e+00
1.296296296296296280e+00 -1.067965795639274518e+00
1.301301301301301283e+00 -1.069059488101019362e+00
1.306306306306306286e+00 -1.070137611347004913e+00
1.311311311311311290e+00 -1.071199922318183617e+00
1.316316316316316293e+00 -1.072246181520328578e+00
1.321321321321321296e+00 -1.073276153078027040e+00
1.326326326326326299e+00 -1.074289604787857622e+00
1.331331331331331302e+00 -1.075286308170740002e+00
1.336336336336336306e+00 -1.076266038523444601e+00
1.341341341341341309e+00 -1.077228574969250952e+00
1.346346346346346312e+00 -1.078173700507743638e+00
1.351351351351351315e+00 -1.079101202063734499e+00
1.356356356356356319e+00 -1.080010870535299317e+00
1.361361361361361322e+00 -1.080902500840919434e+00
1.366366366366366325e+00 -1.081775891965716330e+00
1.371371371371371328e+00 -1.082630847006770036e+00
1.376376376376376331e+00 -1.083467173217509849e+00
1.381381381381381335e+00 -1.084284682051168680e+00
1.386386386386386338e+00 -1.085083189203290388e+00
1.391391391391391341e+00 -1.085862514653279653e+00
1.396396396396396344e+00 -1.086622482704987958e+00
1.401401401401401348e+00 -1.087362922026323675e+00
1.406406406406406351e+00 -1.088083665687877177e+00
1.411411411411411354e+00 -1.088784551200555839e+00
1.416416416416416357e+00 -1.089465420552215846e+00
1.421421421421421361e+00 -1.090126120243285257e+00
1.426426426426426364e+00 -1.090766501321370985e+00
1.431431431431431367e+00 -1.091386419414838382e+00
1.436436436436436370e+00 -1.091985734765360316e+00
1.441441441441441373e+00 -1.092564312259423964e+00
1.446446446446446377e+00 -1.093122021458793114e+00
1.451451451451451380e+00 -1.093658736629913975e+00
1.456456456456456383e+00 -1.094174336772261835e+00
1.461461461461461386e+00 -1.094668705645620133e+00
1.466466466466466390e+00 -1.095141731796286155e+00
1.471471471471471393e+00 -1.095593308582197833e+00
1.476476476476476396e+00 -1.096023334196976284e+00
1.481481481481481399e+00 -1.096431711692877897e+00
1.486486486486486402e+00 -1.096818349002649295e+00
1.491491491491491406e+00 -1.097183158960285843e+00
1.496496496496496409e+00 -1.097526059320681036e+00
1.501501501501501412e+00 -1.097846972778169228e+00
1.506506506506506415e+00 -1.098145826983953910e+00
1.511511511511511419e+00 -1.098422554562417996e+00
1.516516516516516422e+00 -1.098677093126314119e+00
1.521521521521521425e+00 -1.098909385290829155e+00
1.526526526526526428e+00 -1.099119378686521431e+00
1.531531531531531432e+00 -1.099307025971127727e+00
1.536536536536536435e+00 -1.099472284840235181e+00
1.541541541541541438e+00 -1.099615118036820549e+00
1.546546546546546441e+00 -1.099735493359647709e+00
1.551551551551551444e+00 -1.099833383670528741e+00
1.556556556556556448e+00 -1.099908766900441703e+00
1.561561561561561451e+00 -1.099961626054505759e+00
1.566566566566566454e+00 -1.099991949215812337e+00
1.571571571571571457e+00 -1.099999729548113203e+00
1.576576576576576461e+00 -1.099984965297359896e+00
1.581581581581581464e+00 -1.099947659792100074e+00
1.586586586586586467e+00 -1.099887821442727454e+00
1.591591591591591470e+00 -1.099805463739584432e+00
1.596596596596596473e+00 -1.099700605249922525e+00
1.601601601601601477e+00 -1.099573269613714377e+00
1.606606606606606702e+00 -1.099423485538326473e+00
1.611611611611611705e+00 -1.099251286792044979e+00
1.616616616616616708e+00 -1.099056712196464503e+00
1.621621621621621712e+00 -1.098839805617735088e+00
1.626626626626626715e+00 -1.098600615956672355e+00
1.631631631631631718e+00 -1.098339197137734091e+00
1.636636636636636721e+00 -1.098055608096862867e+00
1.641641641641641725e+00 -1.097749912768197778e+00
1.646646646646646728e+00 -1.097422180069663078e+00
1.651651651651651731e+00 -1.097072483887428618e+00
1.656656656656656734e+00 -1.096700903059254051e+00
1.661661661661661737e+00 -1.096307521356714387e+00
1.666666666666666741e+00 -1.095892427466313768e+00
1.671671671671671744e+00 -1.095455714969492789e+00
1.676676676676676747e+00 -1.094997482321528715e+00
1.681681681681681750e+00 -1.094517832829341009e+00
1.686686686686686754e+00 -1.094016874628200409e+00
1.691691691691691757e+00 -1.093494720657349761e+00
1.696696696696696760e+00 -1.092951488634543500e+00
1.701701701701701763e+00 -1.092387301029507096e+00
1.706706706706706766e+00 -1.091802285036327813e+00
1.711711711711711770e+00 -1.091196572544778975e+00
1.716716716716716773e+00 -1.090570300110585311e+00
1.721721721721721776e+00 -1.089923608924638021e+00
1.726726726726726779e+00 -1.089256644781162908e+00
1.731731731731731783e+00 -1.088569558044851782e+00
1.736736736736736786e+00 -1.087862503616963350e+00
1.741741741741741789e+00 -1.087135640900401823e+00
1.746746746746746792e+00 -1.086389133763778991e+00
1.751751751751751796e+00 -1.085623150504471557e+00
1.756756756756756799e+00 -1.084837863810678371e+00
1.761761761761761802e+00 -1.084033450722489356e+00
1.766766766766766805e+00 -1.083210092591971874e+00
1.771771771771771808e+00 -1.082367975042285213e+00
1.776776776776776812e+00 -1.081507287925833394e+00
1.781781781781781815e+00 -1.080628225281463184e+00
1.786786786786786818e+00 -1.079730985290717982e+00
1.791791791791791821e+00 -1.078815770233160443e+00
1.796796796796796825e+00 -1.077882786440766960e+00
1.801801801801801828e+00 -1.076932244251412207e+00
1.806806806806806831e+00 -1.075964357961449513e+00
1.811811811811811834e+00 -1.074979345777397288e+00
1.816816816816816837e+00 -1.073977429766746150e+00
1.821821821821821841e+00 -1.072958835807894085e+00
1.826826826826826844e+00 -1.071923793539223180e+00
1.831831831831831847e+00 -1.070872536307328371e+00
1.836836836836836850e+00 -1.069805301114410634e+00
1.841841841841841854e+00 -1.068722328564844837e+00
1.846846846846846857e+00 -1.067623862810937352e+00
1.851851851851851860e+00 -1.066510151497882308e+00
1.856856856856856863e+00 -1.065381445707930252e+00
1.861861861861861867e+00 -1.064237999903784093e+00
1.866866866866866870e+00 -1.063080071871229881e+00
1.871871871871871873e+00 -1.061907922661020409e+00
1.876876876876876876e+00 -1.060721816530022954e+00
1.881881881881881879e+00 -1.059522020881642268e+00
1.886886886886886883e+00 -1.058308806205536357e+00
1.891891891891891886e+00 -1.057082446016635258e+00
1.896896896896896889e+00 -1.055843216793478145e+00
1.901901901901901892e+00 -1.054591397915881856e+00
1.906906906906906896e+00 -1.053327271601956383e+00
1.911911911911911899e+00 -1.052051122844479103e+00
1.916916916916916902e+00 -1.050763239346644840e+00
1.921921921921921905e+00 -1.049463911457203302e+00
1.926926926926926908e+00 -1.048153432105002336e+00
1.931931931931931912e+00 -1.046832096732946527e+00
1.936936936936936915e+00 -1.045500203231392256e+00
1.941941941941941918e+00 -1.044158051870988091e+00
1.946946946946946921e+00 -1.042805945234980491e+00
1.951951951951951925e+00 -1.041444188150997485e+00
1.956956956956956928e+00 -1.040073087622326087e+00
1.961961961961961931e+00 -1.038692952758699661e+00
1.966966966966966934e+00 -1.037304094706610558e+00
1.971971971971971938e+00 -1.035906826579162665e+00
1.976976976976976941e+00 -1.034501463385480990e+00
1.981981981981981944e+00 -1.033088321959695355e+00
1.986986986986986947e+00 -1.031667720889509310e+00
1.991991991991991950e+00 -1.030239980444377590e+00
1.996996996996996954e+00 -1.028805422503300759e+00
2.002002002002002179e+00 -1.027364370482260369e+00
2.007007007007007182e+00 -1.025917149261304617e+00
2.012012012012012185e+00 -1.024464085111306044e+00
2.017017017017017189e+00 -1.023005505620404820e+00
2.022022022022022192e+00 -1.021541739620154932e+00
2.027027027027027195e+00 -1.020073117111390593e+00
2.032032032032032198e+00 -1.018599969189828425e+00
2.037037037037037202e+00 -1.017122627971423388e+00
2.042042042042042205e+00 -1.015641426517494006e+00
2.047047047047047208e+00 -1.014156698759635766e+00
2.052052052052052211e+00 -1.012668779424436227e+00
2.057057057057057214e+00 -1.011178003958012939e+00
2.062062062062062218e+00 -1.009684708450387935e+00
2.067067067067067221e+00 -1.008189229559717903e+00
2.072072072072072224e+00 -1.006691904436395113e+00
2.077077077077077227e+00 -1.005193070647038667e+00
2.082082082082082231e+00 -1.003693066098390485e+00
2.087087087087087234e+00 -1.002192228961136911e+00
2.092092092092092237e+00 -1.000690897593667916e+00
2.097097097097097240e+00 -9.991894104657956799e-01
2.102102102102102243e+00 -9.976881060824485115e-01
2.107107107107107247e+00 -9.961873229073553437e-01
2.112112112112112250e+00 -9.946873992867405478e-01
2.117117117117117253e+00 -9.931886733730451722e-01
2.122122122122122256e+00 -9.916914830486912580e-01
2.127127127127127260e+00 -9.901961658499078833e-01
2.132132132132132263e+00 -9.887030588906347006e-01
2.137137137137137266e+00 -9.872124987865203982e-01
2.142142142142142269e+00 -9.857248215790346269e-01
2.147147147147147273e+00 -9.842403626597080457e-01
2.152152152152152276e+00 -9.827594566945196952e-01
2.157157157157157279e+00 -9.812824375484477946e-01
2.162162162162162282e+00 -9.798096382102010615e-01
2.167167167167167285e+00 -9.783413907171475410e-01
2.172172172172172289e+00 -9.768780260804579285e-01
2.177177177177177292e+00 -9.754198742104803754e-01
2.182182182182182295e+00 -9.739672638423633177e-01
2.187187187187187298e+00 -9.725205224619434263e-01
2.192192192192192302e+00 -9.710799762319148876e-01
2.197197197197197305e+00 -9.696459499182972230e-01
2.202202202202202308e+00 -9.682187668172180794e-01
2.207207207207207311e+00 -9.667987486820273091e-01
2.212212212212212314e+00 -9.653862156507585501e-01
2.217217217217217318e+00 -9.639814861739554042e-01
2.222222222222222321e+00 -9.625848769428779761e-01
2.227227227227227324e+00 -9.611967028181059858e-01
2.232232232232232327e+00 -9.598172767585541054e-01
2.237237237237237331e+00 -9.584469097509172864e-01
2.242242242242242334e+00 -9.570859107395590648e-01
2.247247247247247337e+00 -9.557345865568619425e-01
2.252252252252252340e+00 -9.543932418540523877e-01
2.257257257257257343e+00 -9.530621790325189968e-01
2.262262262262262347e+00 -9.517416981756364747e-01
2.267267267267267350e+00 -9.504320969811135278e-01
2.272272272272272353e+00 -9.491336706938776624e-01
2.277277277277277356e+00 -9.478467120395132062e-01
2.282282282282282360e+00 -9.465715111582675423e-01
2.287287287287287363e+00 -9.453083555396400994e-01
2.292292292292292366e+00 -9.440575299575685309e-01
2.297297297297297369e+00 -9.428193164062277365e-01
2.302302302302302373e+00 -9.415939940364550509e-01
2.307307307307307376e+00 -9.403818390928169180e-01
2.312312312312312379e+00 -9.391831248513305974e-01
2.317317317317317382e+00 -9.379981215578545584e-01
2.322322322322322385e+00 -9.368270963671631035e-01
2.327327327327327389e+00 -9.356703132827169922e-01
2.332332332332332392e+00 -9.345280330971446059e-01
2.337337337337337395e+00 -9.334005133334477566e-01
2.342342342342342398e+00 -9.322880081869433511e-01
2.347347347347347402e+00 -9.311907684679564534e-01
2.352352352352352405e+00 -9.301090415452759608e-01
2.357357357357357408e+00 -9.290430712903857691e-01
2.362362362362362411e+00 -9.279930980224853077e-01
2.367367367367367414e+00 -9.269593584543103226e-01
2.372372372372372418e+00 -9.259420856387665655e-01
2.377377377377377421e+00 -9.249415089163889325e-01
2.382382382382382424e+00 -9.239578538636379346e-01
2.387387387387387427e+00 -9.229913422420434888e-01
2.392392392392392431e+00 -9.220421919482102435e-01
2.397397397397397434e+00 -9.211106169646930963e-01
2.402402402402402437e+00 -9.201968273117560049e-01
2.407407407407407440e+00 -9.193010290000235285e-01
2.412412412412412444e+00 -9.184234239840359804e-01
2.417417417417417447e+00 -9.175642101167204023e-01
2.422422422422422450e+00 -9.167235811047844685e-01
2.427427427427427453e+00 -9.159017264650464174e-01
2.432432432432432456e+00 -9.150988314817094516e-01
2.437437437437437460e+00 -9.143150771645892627e-01
2.442442442442442463e+00 -9.135506402083067856e-01
2.447447447447447466e+00 -9.128056929524526186e-01
2.452452452452452469e+00 -9.120804033427336588e-01
2.457457457457457473e+00 -9.113749348931107219e-01
2.462462462462462476e+00 -9.106894466489344753e-01
2.467467467467467479e+00 -9.100240931510893416e-01
2.472472472472472482e+00 -9.093790244011530355e-01
2.477477477477477485e+00 -9.087543858275788367e-01
2.482482482482482489e+00 -9.081503182529097051e-01
2.487487487487487492e+00 -9.075669578620300104e-01
2.492492492492492495e+00 -9.070044361714632020e-01
2.497497497497497498e+00 -9.064628799997220820e-01
2.502502502502502502e+00 -9.059424114387175653e-01
2.507507507507507505e+00 -9.054431478262343624e-01
2.512512512512512508e+00 -9.049652017194763642e-01
2.517517517517517511e+00 -9.045086808696921610e-01
2.522522522522522515e+00 -9.040736881978820305e-01
2.527527527527527518e+00 -9.036603217715956093e-01
2.532532532532532521e+00 -9.032686747828221341e-01
2.537537537537537524e+00 -9.028988355269810251e-01
2.542542542542542527e+00 -9.025508873830159207e-01
2.547547547547547531e+00 -9.022249087945974910e-01
2.552552552552552534e+00 -9.019209732524379186e-01
2.557557557557557537e+00 -9.016391492777232619e-01
2.562562562562562540e+00 -9.013795004066655903e-01
2.567567567567567544e+00 -9.011420851761783313e-01
2.572572572572572547e+00 -9.009269571106801600e-01
2.577577577577577550e+00 -9.007341647100277626e-01
2.582582582582582553e+00 -9.005637514385814724e-01
2.587587587587587556e+00 -9.004157557154067737e-01
2.592592592592592560e+00 -9.002902109056125646e-01
2.597597597597597563e+00 -9.001871453128292844e-01
2.602602602602602566e+00 -9.001065821728280181e-01
2.607607607607607569e+00 -9.000485396482817979e-01
2.612612612612612573e+00 -9.000130308246712119e-01
2.617617617617617576e+00 -9.000000637073342080e-01
2.622622622622622579e+00 -9.000096412196612050e-01
2.627627627627627582e+00 -9.000417612024361746e-01
2.632632632632632586e+00 -9.000964164143231416e-01
2.637637637637637589e+00 -9.001735945334994327e-01
2.642642642642642592e+00 -9.002732781604325663e-01
2.647647647647647595e+00 -9.003954448218037809e-01
2.652652652652652598e+00 -9.005400669755742049e-01
2.657657657657657602e+00 -9.007071120171941114e-01
2.662662662662662605e+00 -9.008965422869532613e-01
2.667667667667667608e+00 -9.011083150784719997e-01
2.672672672672672611e+00 -9.013423826483281109e-01
2.677677677677677615e+00 -9.015986922268213188e-01
2.682682682682682618e+00 -9.018771860298694376e-01
2.687687687687687621e+00 -9.021778012720358397e-01
2.692692692692692624e+00 -9.025004701806846885e-01
2.697697697697697627e+00 -9.028451200112586061e-01
2.702702702702702631e+00 -9.032116730636806645e-01
2.707707707707707634e+00 -9.036000466998695968e-01
2.712712712712712637e+00 -9.040101533623720043e-01
2.717717717717717640e+00 -9.044419005941003453e-01
2.722722722722722644e+00 -9.048951910591783721e-01
2.727727727727727647e+00 -9.053699225648842441e-01
2.732732732732732650e+00 -9.058659880846899881e-01
2.737737737737737653e+00 -9.063832757823898634e-01
2.742742742742742657e+00 -9.069216690373140821e-01
2.747747747747747660e+00 -9.074810464706195567e-01
2.752752752752752663e+00 -9.080612819726554541e-01
2.757757757757757666e+00 -9.086622447313930095e-01
2.762762762762762669e+00 -9.092837992619179355e-01
2.767767767767767673e+00 -9.099258054369735449e-01
2.772772772772772676e+00 -9.105881185185533688e-01
2.777777777777777679e+00 -9.112705891905305000e-01
2.782782782782782682e+00 -9.119730635923215534e-01
2.787787787787787686e+00 -9.126953833535731420e-01
2.792792792792792689e+00 -9.134373856298665384e-01
2.797797797797797692e+00 -9.141989031394296417e-01
2.802802802802802695e+00 -9.149797642008510312e-01
2.807807807807807698e+00 -9.157797927717836739e-01
2.812812812812812702e+00 -9.165988084886345089e-01
2.817817817817817705e+00 -9.174366267072253667e-01
2.822822822822822708e+00 -9.182930585444216698e-01
2.827827827827827711e+00 -9.191679109207138154e-01
2.832832832832832715e+00 -9.200609866037483542e-01
2.837837837837837718e+00 -9.209720842527912010e-01
2.842842842842842721e+00 -9.219009984641211020e-01
2.847847847847847724e+00 -9.228475198173353711e-01
2.852852852852852727e+00 -9.238114349225647892e-01
2.857857857857857731e+00 -9.247925264685795677e-01
2.862862862862862734e+00 -9.257905732717836012e-01
2.867867867867867737e+00 -9.268053503260773596e-01
2.872872872872872740e+00 -9.278366288535869755e-01
2.877877877877877744e+00 -9.288841763562387666e-01
2.882882882882882747e+00 -9.299477566681779717e-01
2.887887887887887750e+00 -9.310271300090086077e-01
2.892892892892892753e+00 -9.321220530378538927e-01
2.897897897897897757e+00 -9.332322789082141412e-01
2.902902902902902760e+00 -9.343575573236193588e-01
2.907907907907907763e+00 -9.354976345940561044e-01
2.912912912912912766e+00 -9.366522536931625176e-01
2.917917917917917769e+00 -9.378211543161725228e-01
2.922922922922922773e+00 -9.390040729386019969e-01
2.927927927927927776e+00 -9.402007428756578022e-01
2.932932932932932779e+00 -9.414108943423632470e-01
2.937937937937937782e+00 -9.426342545143772123e-01
2.942942942942942786e+00 -9.438705475895043939e-01
2.947947947947947789e+00 -9.451194948498712334e-01
2.952952952952952792e+00 -9.463808147247645408e-01
2.957957957957957795e+00 -9.476542228541077195e-01
2.962962962962962798e+00 -9.489394321525717046e-01
2.967967967967967802e+00 -9.502361528742945262e-01
2.972972972972972805e+00 -9.515440926782060549e-01
2.977977977977977808e+00 -9.528629566939328388e-01
2.982982982982982811e+00 -9.541924475882780365e-01
2.987987987987987815e+00 -9.555322656322512431e-01
2.992992992992992818e+00 -9.568821087686447679e-01
2.997997997997997821e+00 -9.582416726801278317e-01
3.003003003003002824e+00 -9.596106508578569061e-01
3.008008008008007828e+00 -9.609887346705744404e-01
3.013013013013012831e+00 -9.623756134341910906e-01
3.018018018018017834e+00 -9.637709744818258040e-01
3.023023023023022837e+00 -9.651745032342982089e-01
3.028028028028027840e+00 -9.665858832710466642e-01
3.033033033033032844e+00 -9.680047964014665274e-01
3.038038038038037847e+00 -9.694309227366429971e-01
3.043043043043042850e+00 -9.708639407614709782e-01
3.048048048048047853e+00 -9.723035274071373246e-01
3.053053053053052857e+00 -9.737493581239580198e-01
3.058058058058057860e+00 -9.752011069545439836e-01
3.063063063063062863e+00 -9.766584466072899540e-01
3.068068068068067866e+00 -9.781210485301582436e-01
3.073073073073072869e+00 -9.795885829847524873e-01
3.078078078078077873e+00 -9.810607191206531796e-01
3.083083083083082876e+00 -9.825371250500097853e-01
3.088088088088087879e+00 -9.840174679223602228e-01
3.093093093093092882e+00 -9.855014139996743916e-01
3.098098098098097886e+00 -9.869886287315908779e-01
3.103103103103102889e+00 -9.884787768308430644e-01
3.108108108108107892e+00 -9.899715223488460003e-01
3.113113113113112895e+00 -9.914665287514370373e-01
3.118118118118117899e+00 -9.929634589947436973e-01
3.123123123123122902e+00 -9.944619756011722211e-01
3.128128128128127905e+00 -9.959617407354871554e-01
3.133133133133132908e+00 -9.974624162809785366e-01
3.138138138138137911e+00 -9.989636639156859177e-01
3.143143143143142915e+00 -1.000465145188674798e+00
3.148148148148147918e+00 -1.001966521596336257e+00
3.153153153153152921e+00 -1.003467454658704572e+00
3.158158158158157924e+00 -1.004967605995762847e+00
3.163163163163162928e+00 -1.006466637403732989e+00
3.168168168168167931e+00 -1.007964210931319826e+00
3.173173173173172934e+00 -1.009459988955902832e+00
3.178178178178177937e+00 -1.010953634259650569e+00
3.183183183183182940e+00 -1.012444810105546766e+00
3.188188188188187944e+00 -1.013933180313304705e+00
3.193193193193192947e+00 -1.015418409335159700e+00
3.198198198198197950e+00 -1.016900162331515034e+00
3.203203203203202953e+00 -1.018378105246433352e+00
3.208208208208208401e+00 -1.019851904882944638e+00
3.213213213213213404e+00 -1.021321228978167683e+00
3.218218218218218407e+00 -1.022785746278215502e+00
3.223223223223223410e+00 -1.024245126612876255e+00
3.228228228228228414e+00 -1.025699040970048159e+00
3.233233233233233417e+00 -1.027147161569915257e+00
3.238238238238238420e+00 -1.028589161938842977e+00
3.243243243243243423e+00 -1.030024716982981481e+00
3.248248248248248427e+00 -1.031453503061556143e+00
3.253253253253253430e+00 -1.032875198059831634e+00
3.258258258258258433e+00 -1.034289481461731608e+00
3.263263263263263436e+00 -1.035696034422097345e+00
3.268268268268268439e+00 -1.037094539838571139e+00
3.273273273273273443e+00 -1.038484682423085115e+00
3.278278278278278446e+00 -1.039866148772941923e+00
3.283283283283283449e+00 -1.041238627441470888e+00
3.288288288288288452e+00 -1.042601809008241620e+00
3.293293293293293456e+00 -1.043955386148822440e+00
3.298298298298298459e+00 -1.045299053704065617e+00
3.303303303303303462e+00 -1.046632508748903900e+00
3.308308308308308465e+00 -1.047955450660644106e+00
3.313313313313313468e+00 -1.049267581186741349e+00
3.318318318318318472e+00 -1.050568604512039705e+00
3.323323323323323475e+00 -1.051858227325461526e+00
3.328328328328328478e+00 -1.053136158886134321e+00
3.333333333333333481e+00 -1.054402111088937000e+00
3.338338338338338485e+00 -1.055655798529451683e+00
3.343343343343343488e+00 -1.056896938568307576e+00
3.348348348348348491e+00 -1.058125251394901323e+00
3.353353353353353494e+00 -1.059340460090478775e+00
3.358358358358358497e+00 -1.060542290690564826e+00
3.363363363363363501e+00 -1.061730472246729118e+00
3.368368368368368504e+00 -1.062904736887669621e+00
3.373373373373373507e+00 -1.064064819879602997e+00
3.378378378378378510e+00 -1.065210459685948186e+00
3.383383383383383514e+00 -1.066341398026289022e+00
3.388388388388388517e+00 -1.067457379934602546e+00
3.393393393393393520e+00 -1.068558153816740353e+00
3.398398398398398523e+00 -1.069643471507148780e+00
3.403403403403403527e+00 -1.070713088324818374e+00
3.408408408408408530e+00 -1.071766763128444877e+00
3.413413413413413533e+00 -1.072804258370794628e+00
3.418418418418418536e+00 -1.073825340152258390e+00
3.423423423423423539e+00 -1.074829778273583614e+00
3.428428428428428543e+00 -1.075817346287771148e+00
3.433433433433433546e+00 -1.076787821551127733e+00
3.438438438438438549e+00 -1.077740985273459851e+00
3.443443443443443552e+00 -1.078676622567399157e+00
3.448448448448448556e+00 -1.079594522496848619e+00
3.453453453453453559e+00 -1.080494478124536695e+00
3.458458458458458562e+00 -1.081376286558670463e+00
3.463463463463463565e+00 -1.082239748998677475e+00
3.468468468468468568e+00 -1.083084670780024350e+00
3.473473473473473572e+00 -1.083910861418103222e+00
3.478478478478478575e+00 -1.084718134651175836e+00
3.483483483483483578e+00 -1.085506308482365290e+00
3.488488488488488581e+00 -1.086275205220687212e+00
3.493493493493493585e+00 -1.087024651521109053e+00
3.498498498498498588e+00 -1.087754478423629934e+00
3.503503503503503591e+00 -1.088464521391372841e+00
3.508508508508508594e+00 -1.089154620347678293e+00
3.513513513513513598e+00 -1.089824619712193243e+00
3.518518518518518601e+00 -1.090474368435945696e+00
3.523523523523523604e+00 -1.091103720035399016e+00
3.528528528528528607e+00 -1.091712532625475296e+00
3.533533533533533610e+00 -1.092300668951543541e+00
3.538538538538538614e+00 -1.092867996420362475e+00
3.543543543543543617e+00 -1.093414387129973964e+00
3.548548548548548620e+00 -1.093939717898537278e+00
3.553553553553553623e+00 -1.094443870292100662e+00
3.558558558558558627e+00 -1.094926730651301972e+00
3.563563563563563630e+00 -1.095388190116991955e+00
3.568568568568568633e+00 -1.095828144654776626e+00
3.573573573573573636e+00 -1.096246495078471384e+00
3.578578578578578639e+00 -1.096643147072462909e+00
3.583583583583583643e+00 -1.097018011212970823e+00
3.588588588588588646e+00 -1.097371002988209110e+00
3.593593593593593649e+00 -1.097702042817438439e+00
3.598598598598598652e+00 -1.098011056068908031e+00
3.603603603603603656e+00 -1.098297973076680201e+00
3.608608608608608659e+00 -1.098562729156336903e+00
3.613613613613613662e+00 -1.098805264619562516e+00
3.618618618618618665e+00 -1.099025524787599961e+00
3.623623623623623669e+00 -1.099223460003578845e+00
3.628628628628628672e+00 -1.099399025643708949e+00
3.633633633633633675e+00 -1.099552182127341737e+00
3.638638638638638678e+00 -1.099682894925893217e+00
3.643643643643643681e+00 -1.099791134570628381e+00
3.648648648648648685e+00 -1.099876876659304559e+00
3.653653653653653688e+00 -1.099940101861672792e+00
3.658658658658658691e+00 -1.099980795923836796e+00
3.663663663663663694e+00 -1.099998949671464832e+00
3.668668668668668698e+00 -1.099994559011858941e+00
3.673673673673673701e+00 -1.099967624934877986e+00
3.678678678678678704e+00 -1.099918153512713603e+00
3.683683683683683707e+00 -1.099846155898521971e+00
3.688688688688688710e+00 -1.099751648323908704e+00
3.693693693693693714e+00 -1.099634652095270226e+00
3.698698698698698717e+00 -1.099495193588989839e+00
3.703703703703703720e+00 -1.099333304245491139e+00
3.708708708708708723e+00 -1.099149020562150358e+00
3.713713713713713727e+00 -1.098942384085068280e+00
3.718718718718718730e+00 -1.098713441399702617e+00
3.723723723723723733e+00 -1.098462244120367082e+00
3.728728728728728736e+00 -1.098188848878594026e+00
3.733733733733733740e+00 -1.097893317310367545e+00
3.738738738738738743e+00 -1.097575716042227700e+00
3.743743743743743746e+00 -1.097236116676249651e+00
3.748748748748748749e+00 -1.096874595773901673e+00
3.753753753753753752e+00 -1.096491234838784301e+00
3.758758758758758756e+00 -1.096086120298255917e+00
3.763763763763763759e+00 -1.095659343483947001e+00
3.768768768768768762e+00 -1.095211000611171714e+00
3.773773773773773765e+00 -1.094741192757234360e+00
3.778778778778778769e+00 -1.094250025838643392e+00
3.783783783783783772e+00 -1.093737610587232290e+00
3.788788788788788775e+00 -1.093204062525195086e+00
3.793793793793793778e+00 -1.092649501939043422e+00
3.798798798798798781e+00 -1.092074053852487125e+00
3.803803803803803785e+00 -1.091477847998248984e+00
3.808808808808808788e+00 -1.090861018788816583e+00
3.813813813813813791e+00 -1.090223705286139211e+00
3.818818818818818794e+00 -1.089566051170277383e+00
3.823823823823823798e+00 -1.088888204707010754e+00
3.828828828828828801e+00 -1.088190318714411298e+00
3.833833833833833804e+00 -1.087472550528391757e+00
3.838838838838838807e+00 -1.086735061967234683e+00
3.843843843843843811e+00 -1.085978019295110730e+00
3.848848848848848814e+00 -1.085201593184595747e+00
3.853853853853853817e+00 -1.084405958678192228e+00
3.858858858858858820e+00 -1.083591295148867539e+00
3.863863863863863823e+00 -1.082757786259614274e+00
3.868868868868868827e+00 -1.081905619922044481e+00
3.873873873873873830e+00 -1.081034988254025775e+00
3.878878878878878833e+00 -1.080146087536367983e+00
3.883883883883883836e+00 -1.079239118168573874e+00
3.888888888888888840e+00 -1.078314284623659081e+00
3.893893893893893843e+00 -1.077371795402053634e+00
3.898898898898898846e+00 -1.076411862984598011e+00
3.903903903903903849e+00 -1.075434703784638568e+00
3.908908908908908852e+00 -1.074440538099238118e+00
3.913913913913913856e+00 -1.073429590059511884e+00
3.918918918918918859e+00 -1.072402087580096586e+00
3.923923923923923862e+00 -1.071358262307768427e+00
3.928928928928928865e+00 -1.070298349569219543e+00
3.933933933933933869e+00 -1.069222588318003764e+00
3.938938938938938872e+00 -1.068131221080665494e+00
3.943943943943943875e+00 -1.067024493902063886e+00
3.948948948948948878e+00 -1.065902656289901440e+00
3.953953953953953881e+00 -1.064765961158474106e+00
3.958958958958958885e+00 -1.063614664771653562e+00
3.963963963963963888e+00 -1.062449026685111209e+00
3.968968968968968891e+00 -1.061269309687804974e+00
3.973973973973973894e+00 -1.060075779742731816e+00
3.978978978978978898e+00 -1.058868705926969689e+00
3.983983983983983901e+00 -1.057648360371013174e+00
3.988988988988988904e+00 -1.056415018197423894e+00
3.993993993993993907e+00 -1.055168957458804346e+00
3.998998998998998911e+00 -1.053910459075112716e+00
4.004004004004004358e+00 -1.052639806770329312e+00
4.009009009009009361e+00 -1.051357287008493291e+00
4.014014014014014364e+00 -1.050063188929119651e+00
4.019019019019019368e+00 -1.048757804282013595e+00
4.024024024024024371e+00 -1.047441427361496924e+00
4.029029029029029374e+00 -1.046114354940060442e+00
4.034034034034034377e+00 -1.044776886201457700e+00
4.039039039039039380e+00 -1.043429322673254500e+00
4.044044044044044384e+00 -1.042071968158851503e+00
4.049049049049049387e+00 -1.040705128668992341e+00
4.054054054054054390e+00 -1.039329112352773921e+00
4.059059059059059393e+00 -1.037944229428176879e+00
4.064064064064064397e+00 -1.036550792112126640e+00
4.069069069069069400e+00 -1.035149114550105720e+00
4.074074074074074403e+00 -1.033739512745331046e+00
4.079079079079079406e+00 -1.032322304487511833e+00
4.084084084084084409e+00 -1.030897809281204447e+00
4.089089089089089413e+00 -1.029466348273782694e+00
4.094094094094094416e+00 -1.028028244183035067e+00
4.099099099099099419e+00 -1.026583821224409387e+00
4.104104104104104422e+00 -1.025133405037920165e+00
4.109109109109109426e+00 -1.023677322614733098e+00
4.114114114114114429e+00 -1.022215902223447825e+00
4.119119119119119432e+00 -1.020749473336088897e+00
4.124124124124124435e+00 -1.019278366553828752e+00
4.129129129129129439e+00 -1.017802913532455111e+00
4.134134134134134442e+00 -1.016323446907599237e+00
4.139139139139139445e+00 -1.014840300219745028e+00
4.144144144144144448e+00 -1.013353807839033838e+00
4.149149149149149451e+00 -1.011864304889881438e+00
4.154154154154154455e+00 -1.010372127175425350e+00
4.159159159159159458e+00 -1.008877611101819616e+00
4.164164164164164461e+00 -1.007381093602392808e+00
4.169169169169169464e+00 -1.005882912061688117e+00
4.174174174174174468e+00 -1.004383404239400868e+00
4.179179179179179471e+00 -1.002882908194231426e+00
4.184184184184184474e+00 -1.001381762207671944e+00
4.189189189189189477e+00 -9.998803047077415851e-01
4.194194194194194480e+00 -9.983788741926887811e-01
4.199199199199199484e+00 -9.968778091546783848e-01
4.204204204204204487e+00 -9.953774480034799366e-01
4.209209209209209490e+00 -9.938781289901740257e-01
4.214214214214214493e+00 -9.923801901308950679e-01
4.219219219219219497e+00 -9.908839691306265962e-01
4.224224224224224500e+00 -9.893898033070669396e-01
4.229229229229229503e+00 -9.878980295145822765e-01
4.234234234234234506e+00 -9.864089840682637167e-01
4.239239239239239510e+00 -9.849230026681066175e-01
4.244244244244244513e+00 -9.834404203233277908e-01
4.249249249249249516e+00 -9.819615712768394733e-01
4.254254254254254519e+00 -9.804867889298947148e-01
4.259259259259259522e+00 -9.790164057669238362e-01
4.264264264264264526e+00 -9.775507532805768340e-01
4.269269269269269529e+00 -9.760901618969893834e-01
4.274274274274274532e+00 -9.746349609012895376e-01
4.279279279279279535e+00 -9.731854783633616668e-01
4.284284284284284539e+00 -9.717420410638842876e-01
4.289289289289289542e+00 -9.703049744206582172e-01
4.294294294294294545e+00 -9.688746024152425917e-01
4.299299299299299548e+00 -9.674512475199142925e-01
4.304304304304304551e+00 -9.660352306249677667e-01
4.309309309309309555e+00 -9.646268709663712304e-01
4.314314314314314558e+00 -9.632264860537963491e-01
4.319319319319319561e+00 -9.618343915990367199e-01
4.324324324324324564e+00 -9.604509014448316950e-01
4.329329329329329568e+00 -9.590763274941116467e-01
4.334334334334334571e+00 -9.577109796396806596e-01
4.339339339339339574e+00 -9.563551656943523049e-01
4.344344344344344577e+00 -9.550091913215540407e-01
4.349349349349349581e+00 -9.536733599664170002e-01
4.354354354354354584e+00 -9.523479727873650491e-01
4.359359359359359587e+00 -9.510333285882195398e-01
4.364364364364364590e+00 -9.497297237508355305e-01
4.369369369369369593e+00 -9.484374521682831238e-01
4.374374374374374597e+00 -9.471568051785903553e-01
4.379379379379379600e+00 -9.458880714990623995e-01
4.384384384384384603e+00 -9.446315371611907485e-01
4.389389389389389606e+00 -9.433874854461692383e-01
4.394394394394394610e+00 -9.421561968210283577e-01
4.399399399399399613e+00 -9.409379488754054943e-01
4.404404404404404616e+00 -9.397330162589635494e-01
4.409409409409409619e+00 -9.385416706194715797e-01
4.414414414414414622e+00 -9.373641805415631190e-01
4.419419419419419626e+00 -9.362008114861846142e-01
4.424424424424424629e+00 -9.350518257307485204e-01
4.429429429429429632e+00 -9.339174823100030443e-01
4.434434434434434635e+00 -9.327980369576346353e-01
4.439439439439439639e+00 -9.316937420486129939e-01
4.444444444444444642e+00 -9.306048465422943616e-01
4.449449449449449645e+00 -9.295315959262945293e-01
4.454454454454454648e+00 -9.284742321611442195e-01
4.459459459459459651e+00 -9.274329936257404983e-01
4.464464464464464655e+00 -9.264081150636045425e-01
4.469469469469469658e+00 -9.253998275299599729e-01
4.474474474474474661e+00 -9.244083583396419668e-01
4.479479479479479664e+00 -9.234339310158501402e-01
4.484484484484484668e+00 -9.224767652397559692e-01
4.489489489489489671e+00 -9.215370768009762958e-01
4.494494494494494674e+00 -9.206150775489246874e-01
4.499499499499499677e+00 -9.197109753450505298e-01
4.504504504504504681e+00 -9.188249740159771806e-01
4.509509509509509684e+00 -9.179572733075503921e-01
4.514514514514514687e+00 -9.171080688398061120e-01
4.519519519519519690e+00 -9.162775520628686499e-01
4.524524524524524693e+00 -9.154659102137889803e-01
4.529529529529529697e+00 -9.146733262743326209e-01
4.534534534534534700e+00 -9.138999789297275189e-01
4.539539539539539703e+00 -9.131460425283793869e-01
4.544544544544544706e+00 -9.124116870425663661e-01
4.549549549549549710e+00 -9.116970780301183463e-01
4.554554554554554713e+00 -9.110023765970935994e-01
4.559559559559559716e+00 -9.103277393614570556e-01
4.564564564564564719e+00 -9.096733184177721032e-01
4.569569569569569722e+00 -9.090392613029109059e-01
4.574574574574574726e+00 -9.084257109627928983e-01
4.579579579579579729e+00 -9.078328057201581203e-01
4.584584584584584732e+00 -9.072606792433830503e-01
4.589589589589589735e+00 -9.067094605163452670e-01
4.594594594594594739e+00 -9.061792738093443766e-01
4.599599599599599742e+00 -9.056702386510864233e-01
4.604604604604604745e+00 -9.051824698017357784e-01
4.609609609609609748e+00 -9.047160772270430584e-01
4.614614614614614752e+00 -9.042711660735539558e-01
4.619619619619619755e+00 -9.038478366449044232e-01
4.624624624624624758e+00 -9.034461843792072067e-01
4.629629629629629761e+00 -9.030662998275356124e-01
4.634634634634634764e+00 -9.027082686335098360e-01
4.639639639639639768e+00 -9.023721715139878530e-01
4.644644644644644771e+00 -9.020580842408688627e-01
4.649649649649649774e+00 -9.017660776240106202e-01
4.654654654654654777e+00 -9.014962174952654284e-01
4.659659659659659781e+00 -9.012485646936385653e-01
4.664664664664664784e+00 -9.010231750515727001e-01
4.669669669669669787e+00 -9.008200993823601843e-01
4.674674674674674790e+00 -9.006393834686878819e-01
4.679679679679679793e+00 -9.004810680523150923e-01
4.684684684684684797e+00 -9.003451888248890089e-01
4.689689689689689800e+00 -9.002317764198977112e-01
4.694694694694694803e+00 -9.001408564057642447e-01
4.699699699699699806e+00 -9.000724492800818988e-01
4.704704704704704810e+00 -9.000265704649940135e-01
4.709709709709709813e+00 -9.000032303037157622e-01
4.714714714714714816e+00 -9.000024340582037929e-01
4.719719719719719819e+00 -9.000241819079685124e-01
4.724724724724724823e+00 -9.000684689500347835e-01
4.729729729729729826e+00 -9.001352852000465976e-01
4.734734734734734829e+00 -9.002246155945181627e-01
4.739739739739739832e+00 -9.003364399942300755e-01
4.744744744744744835e+00 -9.004707331887694677e-01
4.749749749749749839e+00 -9.006274649022136813e-01
4.754754754754754842e+00 -9.008065997999560315e-01
4.759759759759759845e+00 -9.010080974966712120e-01
4.764764764764764848e+00 -9.012319125654209007e-01
4.769769769769769852e+00 -9.014779945478945677e-01
4.774774774774774855e+00 -9.017462879657852648e-01
4.779779779779779858e+00 -9.020367323332969534e-01
4.784784784784784861e+00 -9.023492621707809302e-01
4.789789789789789864e+00 -9.026838070194977970e-01
4.794794794794794868e+00 -9.030402914575023088e-01
4.799799799799799871e+00 -9.034186351166468842e-01
4.804804804804804874e+00 -9.038187527007004451e-01
4.809809809809809877e+00 -9.042405540045780343e-01
4.814814814814814881e+00 -9.046839439346769929e-01
4.819819819819819884e+00 -9.051488225303161439e-01
4.824824824824824887e+00 -9.056350849862707664e-01
4.829829829829829890e+00 -9.061426216764012498e-01
4.834834834834834894e+00 -9.066713181783674358e-01
4.839839839839839897e+00 -9.072210552994249833e-01
4.844844844844844900e+00 -9.077917091032968733e-01
4.849849849849849903e+00 -9.083831509381143920e-01
4.854854854854854906e+00 -9.089952474654213743e-01
4.859859859859859910e+00 -9.096278606902344910e-01
4.864864864864864913e+00 -9.102808479921541407e-01
4.869869869869869916e+00 -9.109540621575176189e-01
4.874874874874874919e+00 -9.116473514125879030e-01
4.879879879879879923e+00 -9.123605594577701705e-01
4.884884884884884926e+00 -9.130935255028496123e-01
4.889889889889889929e+00 -9.138460843032404357e-01
4.894894894894894932e+00 -9.146180661972400650e-01
4.899899899899899935e+00 -9.154092971442784332e-01
4.904904904904904939e+00 -9.162195987641553740e-01
4.909909909909909942e+00 -9.170487883772548976e-01
4.914914914914914945e+00 -9.178966790457303571e-01
4.919919919919919948e+00 -9.187630796156490698e-01
4.924924924924924952e+00 -9.196477947600866232e-01
4.929929929929929955e+00 -9.205506250231629828e-01
4.934934934934934958e+00 -9.214713668650091893e-01
4.939939939939939961e+00 -9.224098127076545417e-01
4.944944944944944965e+00 -9.233657509818246067e-01
4.949949949949949968e+00 -9.243389661746381769e-01
4.954954954954954971e+00 -9.253292388781945155e-01
4.959959959959959974e+00 -9.263363458390377891e-01
4.964964964964964977e+00 -9.273600600084884737e-01
4.969969969969969981e+00 -9.284001505938314081e-01
4.974974974974974984e+00 -9.294563831103466178e-01
4.979979979979979987e+00 -9.305285194341729182e-01
4.984984984984984990e+00 -9.316163178559928593e-01
4.989989989989989994e+00 -9.327195331355243590e-01
4.994994994994994997e+00 -9.338379165568099216e-01
5.000000000000000000e+00 -9.349712159842883397e-01
